%YAML:1.0 flexx camera

calibration_time: "Thu Oct 29 18:51:27 2015"
image_width: 224
image_height: 171
camera_matrix: !!opencv-matrix
   rows: 3
   cols: 3
   dt: d
   data: [ 211.95335388183594, 0.0,                115.65179443359375,
           0.0,                211.95335388183594, 87.12572479248047,
           0.0,                0.0,                1.0 ]
distortion_coefficients: !!opencv-matrix
   rows: 5
   cols: 1
   dt: d
   data: [ 0.5785830020904541,
           -5.7317376136779785,
           2.332255457079065e-16,
           2.332255457079065e-16,
           10.009806632995605]

